êxr	®
0
36.927876
0Ä;Ô®
0
42.771206
Name: 7
1
11.000000
Name: 6
1
27.000000
Name: 21
2
33.000000
Name: 11
2
33.000000
Name: 34
4
28.000000
Name: 5
5
5.000000
Name: 38
6
21.000000
Name: 40
9
23.000000
Name: 49
9
41.000000
Name: 17
9
52.000000
Name: 37
10
50.000000
Name: 16
11
18.000000
Name: 44
11
28.000000
Name: 30
16
35.000000
Name: 47
17
58.000000
Name: 3
18
18.000000
Name: 23
21
31.000000
Name: 13
21
56.000000
Name: 4
22
44.000000
Name: 26
22
57.000000
Name: 28
23
21.000000
Name: 20
23
51.000000
Name: 41
24
34.000000
Name: 45
24
39.000000
Name: 46
26
43.000000
Name: 35
26
45.000000
Name: 9
27
36.000000
Name: 2
29
4.000000
Name: 39
33
8.000000
Name: 22
33
44.000000
Name: 1
34
40.000000
Name: 42
36
20.000000
Name: 14
38
35.000000
Name: 48
38
42.000000
Name: 33
40
2.000000
Name: 0
41
47.000000
Name: 43
46
56.000000
Name: 15
47
6.000000
Name: 18
47
19.000000
Name: 25
47
44.000000
Name: 32
48
46.000000
Name: 29
49
58.000000
Name: 36
50
9.000000
Name: 31
50
42.000000
Name: 10
51
24.000000
Name: 12
52
22.000000
Name: 24
53
28.000000
Name: 8
55
2.000000
Name: 19
55
54.000000
Name: 27
57
19.000000
